1.000000000000000000e+00 0.000000000000000000e+00 0.000000000000000000e+00 0.000000000000000000e+00 0.000000000000000000e+00 1.000000000000000000e+00 0.000000000000000000e+00 0.000000000000000000e+00 0.000000000000000000e+00 0.000000000000000000e+00 1.000000000000000000e+00 0.000000000000000000e+00
9.999918683386606055e-01 -4.027586873661731168e-03 -2.044517787618258301e-04 7.372908720311314168e-01 4.027403226184254198e-03 9.999914931724923628e-01 -8.908456110572208000e-04 1.023006466850411716e-02 2.080379976153635285e-04 8.900149572490215384e-04 9.999995822966963877e-01 1.037554159134642003e-02
9.999607875329646900e-01 -8.784356295725248218e-03 -1.121820361170922532e-03 1.512363121249493014e+00 8.784937354788155059e-03 9.999612795450170122e-01 5.140878958347588987e-04 2.651226501873309854e-02 1.117260992531796896e-03 -5.239228587763026905e-04 9.999992386160664326e-01 1.639973581217570725e-02
9.999054167941179294e-01 -1.365583246309702049e-02 -1.635758393232424448e-03 2.294824797097197333e+00 1.366127527738226870e-02 9.999010224200640673e-01 3.363765911302663437e-03 4.766896122151677295e-02 1.589661466095476259e-03 -3.385794301236172855e-03 9.999930046622190760e-01 2.285307341128703720e-02
9.998382398820447881e-01 -1.796719246318061874e-02 -8.210143517401705289e-04 3.096666138683096481e+00 1.797144164336955674e-02 9.998233728213200555e-01 5.500040496100299173e-03 6.750680106986522988e-02 7.220490521428453781e-04 -5.513905620411558434e-03 9.999845376254452578e-01 2.542162730735763806e-02
9.997475156453399237e-01 -2.240953732850188215e-02 1.648513783185592222e-03 3.897854252974692013e+00 2.240017927050487814e-02 9.997340021520130238e-01 5.491530730866417409e-03 9.030095247306983708e-02 -1.771137944970854056e-03 -5.453217201000483405e-03 9.999835626111753806e-01 3.350364211334087849e-02
9.996525332672542286e-01 -2.604015407659325890e-02 4.089389689000455345e-03 4.714538566846578682e+00 2.602388478053202156e-02 9.996533885648555273e-01 3.982480600274824686e-03 1.088506132009428307e-01 -4.191676668209686450e-03 -3.874675014663180126e-03 9.999837082374091191e-01 3.831926841037985865e-02
9.995821338139178058e-01 -2.862730474203078676e-02 4.004395487674436427e-03 5.526730714287266366e+00 2.860955151538250793e-02 9.995808791966881435e-01 4.422613081028130971e-03 1.395282966086371368e-01 -4.129324654647548165e-03 -4.306201061574857145e-03 9.999822024967812695e-01 4.399727778740131212e-02
9.995242341067555047e-01 -3.063523828095218032e-02 3.575976618072882612e-03 6.355628319243232127e+00 3.061929597432701267e-02 9.995212983549104369e-01 4.430897081941061189e-03 1.712983583648607644e-01 -3.710006380086648854e-03 -4.319295125766951446e-03 9.999837896397502091e-01 4.061206289479622061e-02
9.994703075130181302e-01 -3.236502111514296537e-02 3.407316840164617208e-03 7.184128655174922606e+00 3.235711160519768453e-02 9.994736055119419760e-01 2.351427976304298374e-03 1.972519142993821861e-01 -3.481627263464713747e-03 -2.239931511300094838e-03 9.999914304524929465e-01 4.969050726443480920e-02
9.993934005666352816e-01 -3.459571521139107736e-02 3.995922029908672603e-03 8.032520066206046749e+00 3.458668599631554291e-02 9.993990387569513523e-01 2.307050817375917110e-03 2.330590823933607336e-01 -4.073334708694596566e-03 -2.167445661143142018e-03 9.999893550051704993e-01 4.760436069528972691e-02
9.993476449691104380e-01 -3.589044021671994322e-02 4.020049221451422669e-03 8.890678690387844085e+00 3.589135824767868133e-02 9.993556853956896413e-01 -1.564303302077479907e-04 2.564936066567303774e-01 -4.011844691613591571e-03 3.006133088752680578e-04 9.999919073341587694e-01 5.027642744125541269e-02
9.992881440831968831e-01 -3.766054344548371013e-02 2.211009305935426189e-03 9.756594280096681615e+00 3.765955295793269042e-02 9.992905083078396089e-01 4.879312124874215801e-04 2.990882597379643792e-01 -2.227816367827865907e-03 -4.043182537194621885e-04 9.999974366772051981e-01 5.319392089638657478e-02
9.992311339136833448e-01 -3.920404379124779737e-02 -4.289148965026622746e-04 1.063369847845794425e+01 3.920478596512659564e-02 9.992294170856835800e-01 1.885944864932341970e-03 3.400854867379867752e-01 3.546477169390351383e-04 -1.901310342599673697e-03 9.999981296202398173e-01 5.872645921191305823e-02
9.991665274974177446e-01 -4.077537724956733362e-02 -1.902350889656851361e-03 1.150604217820960073e+01 4.078546539733516468e-02 9.991522020061476272e-01 5.605625619787950493e-03 3.882941089286260916e-01 1.672166581022303724e-03 -5.678541751357775967e-03 9.999824788577564849e-01 6.458525006766405174e-02
9.991144920868237911e-01 -4.202483153284802125e-02 -2.035985442948594609e-03 1.239318571673712199e+01 4.203920039338238795e-02 9.990868978593058225e-01 7.620771362151038467e-03 4.271402360799383957e-01 1.713864747637465664e-03 -7.699614308839471816e-03 9.999688888196082148e-01 6.693435964164319574e-02
9.990579739044044283e-01 -4.339179581565073135e-02 -5.628800221860082165e-04 1.330774567960430765e+01 4.339478743514981612e-02 9.990302424338379783e-01 7.447625530669791348e-03 4.659044619190063630e-01 2.391683186874009835e-04 -7.465035731983931007e-03 9.999721076310256196e-01 7.262299455474695298e-02
9.989965956561249749e-01 -4.477976131242341479e-02 7.581848556156636776e-04 1.420618069859287047e+01 4.477288789919624951e-02 9.989694067635815911e-01 7.450695241655707832e-03 5.092872072166013675e-01 -1.091043829964462699e-03 -7.409273056137992766e-03 9.999719557548305549e-01 7.913268381928002804e-02
9.989445520886912622e-01 -4.591562362413124238e-02 1.239903032877686783e-03 1.511973622003070794e+01 4.590563404749275350e-02 9.989202139284688586e-01 7.146955141848132173e-03 5.574139208413635416e-01 -1.566721105204384786e-03 -7.082493368089791755e-03 9.999736914902658258e-01 9.269527497191001886e-02
9.988704982587423009e-01 -4.751367045395965549e-02 4.228809814007208250e-04 1.602804556717106621e+01 4.750996475269379793e-02 9.988499648010781273e-01 6.446011641533932503e-03 6.086543533828059349e-01 -7.286683262653861513e-04 -6.418639799639720180e-03 9.999791348351187992e-01 9.530419056437468284e-02
9.988154062474210448e-01 -4.865969086970457769e-02 1.368475940298464165e-04 1.694133493658457112e+01 4.865797604518766473e-02 9.987972070676166547e-01 6.044875607842262535e-03 6.531730743086492375e-01 -4.308247731343556970e-04 -6.031056159009949222e-03 9.999817202087354362e-01 1.042036234309534765e-01
9.987832813161717782e-01 -4.928892081481698467e-02 1.599765048898259528e-03 1.786959675361033462e+01 4.927707734324984074e-02 9.987623434126075006e-01 6.749150277185573740e-03 6.973004331552433710e-01 -1.930443422726709976e-03 -6.662106713897769997e-03 9.999759445718303663e-01 1.091253318348350126e-01
9.987644839916776096e-01 -4.946712666296925603e-02 4.744354176034182129e-03 1.879898945975515545e+01 4.942133432039522850e-02 9.987344678915804908e-01 9.327076675643183878e-03 7.542389023002582515e-01 -5.199733726799964616e-03 -9.081080609231427514e-03 9.999452468731170329e-01 1.120869598285387236e-01
9.987810111345131192e-01 -4.862512685212194707e-02 8.490514456410639538e-03 1.973802646358545942e+01 4.854459365428467899e-02 9.987763417643944486e-01 9.446775040928896694e-03 8.059133726201299641e-01 -8.939475603180150470e-03 -9.023090953136962689e-03 9.999193315490962908e-01 1.125526946124836142e-01
9.988248304291121871e-01 -4.710295896433044222e-02 1.141356101572933365e-02 2.066887423694883807e+01 4.700015814495130811e-02 9.988533041988433281e-01 9.113826057283192297e-03 8.492554944831252062e-01 -1.182976130802060669e-02 -8.566676593489979882e-03 9.998933287103868306e-01 1.087488857332746528e-01
9.988862262881603726e-01 -4.546621270768318873e-02 1.261469118995003393e-02 2.160965233071740599e+01 4.539747133857157529e-02 9.989528364626041324e-01 5.683319398151299301e-03 8.967716225089886750e-01 -1.285988055394245676e-02 -5.104314384668962035e-03 9.999042801422548532e-01 1.021920950336007022e-01
9.989763577386497895e-01 -4.406611145110585215e-02 1.021834139182668626e-02 2.256021380855462866e+01 4.402576901294107115e-02 9.990218174323673983e-01 4.140043109528844696e-03 9.410007005864550189e-01 -1.039078158948396509e-02 -3.685934848626182432e-03 9.999392209240776097e-01 9.724644588726716332e-02
9.990676990012441472e-01 -4.276443440835304283e-02 5.910665114278796338e-03 2.352151594096013554e+01 4.273837155248048220e-02 9.990763092576461224e-01 4.467647833294792481e-03 9.989875907985180659e-01 -6.096261920358138180e-03 -4.210870438981389671e-03 9.999725517036678335e-01 9.935000462482655725e-02
9.991381570722347449e-01 -4.141014199696135129e-02 2.853633138602524807e-03 2.447673131456492612e+01 4.139242789162419361e-02 9.991248921797241112e-01 6.009720466979601335e-03 1.041594706299277417e+00 -3.099999279826405954e-03 -5.886422227978535017e-03 9.999778697740360212e-01 9.995300482242934492e-02
9.991665993142236912e-01 -4.068009836052671052e-02 3.352075808701720106e-03 2.545793941463455923e+01 4.065322286925731471e-02 9.991434178268188138e-01 7.729559087386963546e-03 1.081332379941198685e+00 -3.663643704279238942e-03 -7.586844582616990816e-03 9.999645081222069409e-01 1.086270854270844216e-01
9.991447448534371834e-01 -4.057320630560302954e-02 7.974569696418132292e-03 2.643000122950654784e+01 4.052054115178760352e-02 9.991565200041762074e-01 6.658399050125557092e-03 1.129170890728510734e+00 -8.237995904729674551e-03 -6.329570540518558372e-03 9.999460345239868930e-01 1.105870592956378906e-01
9.990743302795707104e-01 -4.138171138169967345e-02 1.174889524802405147e-02 2.741629253314462744e+01 4.136392462725704822e-02 9.991426088115202830e-01 1.752996503120407687e-03 1.168138420364357000e+00 -1.181136384410928081e-02 -1.265393389844645137e-03 9.999294427426922427e-01 1.039303700767988670e-01
9.990341433093276047e-01 -4.223064114082565601e-02 1.213892297663748086e-02 2.838613772963821091e+01 4.233917619168120483e-02 9.990642965768701256e-01 -8.827540131519409985e-03 1.195120832705614422e+00 -1.175477186540469822e-02 9.332965991506304501e-03 9.998873541975584756e-01 9.903825112671360564e-02
9.990026462083484438e-01 -4.372200543171694126e-02 9.060855905830915089e-03 2.937034730572191421e+01 4.382944226478844435e-02 9.989667312739275440e-01 -1.201872699757106783e-02 1.235264577160544164e+00 -8.526010759721846730e-03 1.240387233542340067e-02 9.998867191295279788e-01 9.925735911100114217e-02
9.989538249900699052e-01 -4.537447748704983436e-02 5.693182808061707581e-03 3.035192067231826840e+01 4.544103110594670952e-02 9.988929769672459935e-01 -1.216278165311349309e-02 1.285172602794988128e+00 -5.135000461264404084e-03 1.240876135196974407e-02 9.999098231400533887e-01 1.053914768846223732e-01
9.988810129911627200e-01 -4.710980145762948962e-02 4.169951123392080274e-03 3.134588604355948505e+01 4.714456343692097900e-02 9.988504281275117913e-01 -8.672506432890773539e-03 1.343138170932109743e+00 -3.756597408677478985e-03 8.859392536123928893e-03 9.999536984979854326e-01 9.896924470978531174e-02
9.988364457549189224e-01 -4.793736883101794299e-02 5.269089223007598737e-03 3.234626676374235643e+01 4.796961970162946787e-02 9.988297080311648868e-01 -6.174944538938955882e-03 1.388529122761434254e+00 -4.966912256332640420e-03 6.420515862209161609e-03 9.999670528365927069e-01 1.133301966771168012e-01
9.987604238125631362e-01 -4.917481634054777367e-02 7.710594245755483106e-03 3.334737036662921383e+01 4.920815164337637854e-02 9.987797362682944158e-01 -4.194786249472162373e-03 1.449739183463876424e+00 -7.494907443841840322e-03 4.569010583231610662e-03 9.999614745102425317e-01 1.115658107335887744e-01
9.986851681171035056e-01 -5.043653432051251745e-02 9.170113884162132967e-03 3.435146483443715226e+01 5.045543492443329420e-02 9.987246158035452126e-01 -1.841432770231572367e-03 1.508616488764837449e+00 -9.065542978719882267e-03 2.301693680047046074e-03 9.999562581116757665e-01 1.138092393558830656e-01
9.985993701282739332e-01 -5.161461295918510356e-02 1.162883091664433655e-02 3.535407641128051637e+01 5.164259057801518643e-02 9.986633843671185451e-01 -2.118386840099891876e-03 1.567164736439803807e+00 -1.150394792259942789e-02 2.715962718141005146e-03 9.999301389240689009e-01 1.111801100903027917e-01
9.985742684618200693e-01 -5.133523969723257502e-02 1.463296043760145722e-02 3.636951584604345555e+01 5.134889113060202986e-02 9.986806193493590333e-01 -5.584940806324172839e-04 1.620919708013452309e+00 -1.458498356523974145e-02 1.309084110436577056e-03 9.998927765281602209e-01 1.157501313017517269e-01
9.985026176990584590e-01 -5.198954124704053409e-02 1.701793316034817122e-02 3.736471373150834552e+01 5.197633589092313239e-02 9.986475743955246509e-01 1.217645797852856971e-03 1.687648291057473049e+00 -1.705822251823862351e-02 -3.312927064748008728e-04 9.998544430514177961e-01 1.051656145230289718e-01
9.985068659626118448e-01 -5.201299062915178129e-02 1.669393396819588218e-02 3.836596146780569683e+01 5.198968064071844697e-02 9.986459498194761863e-01 1.827571074503253016e-03 1.742031247773717428e+00 -1.676638698106483819e-02 -9.569299702824208415e-04 9.998589763324791102e-01 9.717795959901293079e-02
9.985183463593454434e-01 -5.208207472876500571e-02 1.576608625326871363e-02 3.935294853919483415e+01 5.208212260114342823e-02 9.986427219867658467e-01 4.078335720301514604e-04 1.795842799799509226e+00 -1.576592810961777516e-02 4.139019332495709859e-04 9.998756243633665219e-01 9.346363237658507350e-02
9.985597395531263798e-01 -5.189664355176642346e-02 1.360826703343319573e-02 4.034467325177282504e+01 5.185128519538099306e-02 9.986480911255042336e-01 3.665285114936519834e-03 1.853985235656756325e+00 -1.378008589158964507e-02 -2.954400014793516060e-03 9.999006854449959958e-01 9.086838068508423794e-02
9.985121605606123163e-01 -5.289016787184007418e-02 1.327009250406838495e-02 4.133613141129492163e+01 5.282377697137903561e-02 9.985897590004504387e-01 5.304885097746060013e-03 1.912494771472704080e+00 -1.353195473891194434e-02 -4.596015873651736194e-03 9.998978762048819080e-01 8.937667489660459930e-02
9.984305425999141503e-01 -5.409707473411974610e-02 1.448993129217656869e-02 4.233290190946083698e+01 5.407343565119862583e-02 9.985349212906368122e-01 2.018544024149906187e-03 1.965085567068467487e+00 -1.457789972926881381e-02 -1.231855637976005807e-03 9.998929779587266697e-01 7.972204642717489742e-02
9.983825099450641671e-01 -5.475067978022219589e-02 1.532079956782199728e-02 4.331829206039065383e+01 5.471891944533483626e-02 9.984987056048142406e-01 2.484906486233797850e-03 2.026131511969172294e+00 -1.543384885661264541e-02 -1.642549577315096428e-03 9.998795419151035313e-01 7.092399687201918212e-02
9.983850194033141445e-01 -5.516578205289415088e-02 1.356795937260183056e-02 4.429835538876416479e+01 5.514526247497111150e-02 9.984765683644065692e-01 1.882140750598241359e-03 2.081537058250223726e+00 -1.365111928050353508e-02 -1.130892448953921227e-03 9.999061796111965439e-01 8.152456532140658907e-02
9.983988468585333065e-01 -5.587546709058578698e-02 8.813329050914807047e-03 4.527868237120998884e+01 5.584025956996217788e-02 9.984309164157577632e-01 4.191724746375105788e-03 2.149313159008670926e+00 -9.033714779097366462e-03 -3.692874571250713035e-03 9.999523762033324381e-01 7.226647298379980378e-02
9.983934490881590795e-01 -5.621615332682272648e-02 7.089775947428936936e-03 4.625774596205307887e+01 5.617331802810808516e-02 9.984023799818131373e-01 6.102949153016713757e-03 2.209786242539999002e+00 -7.421533504782654167e-03 -5.694888215447058144e-03 9.999562435870136268e-01 8.027245690273789036e-02
9.983507625352355808e-01 -5.660542258234840807e-02 9.569800394337394170e-03 4.722822882418964241e+01 5.654375752930834720e-02 9.983783321694162938e-01 6.596160935071375582e-03 2.264616723543901422e+00 -9.927659834043684947e-03 -6.044169826232347574e-03 9.999324525093338245e-01 6.900557781267187274e-02
9.982978487544983404e-01 -5.680881099303604354e-02 1.319712717595437727e-02 4.820776851826428100e+01 5.675846648576178544e-02 9.983792769226285113e-01 4.158833205859600000e-03 2.316695751829260352e+00 -1.341199665692854003e-02 -3.402705542213670022e-03 9.999042653877757703e-01 7.949647083084168675e-02
9.982750328339189405e-01 -5.697940874520187465e-02 1.415294313863179297e-02 4.918156417531406532e+01 5.693458686821022824e-02 9.983715983452728926e-01 3.550272616476709241e-03 2.380333040433132652e+00 -1.433218889717670884e-02 -2.738356542215378449e-03 9.998935392154822965e-01 7.427421514304050065e-02
9.982750360044897464e-01 -5.710455358045025270e-02 1.363900475152599392e-02 5.014198275335170507e+01 5.711123001847923791e-02 9.983678166709634150e-01 -1.002069358284411434e-04 2.434120380232113856e+00 -1.361102112300975261e-02 8.789744200595688657e-04 9.999069794275654566e-01 7.473097469050965502e-02
9.982597672620180385e-01 -5.759443252793164381e-02 1.266169055722995811e-02 5.111049039381664016e+01 5.764248813489331047e-02 9.983312817242359083e-01 -3.463450947091297610e-03 2.483046582201423824e+00 -1.244108627090898846e-02 4.187275084079592966e-03 9.999138393380551104e-01 7.886087729422733283e-02
9.981975784670241714e-01 -5.845601907367688893e-02 1.358264247586146549e-02 5.206567929073021617e+01 5.851462366291001332e-02 9.982787061320881339e-01 -3.957739358796972216e-03 2.543112821750425745e+00 -1.332790906921124847e-02 4.745389056977660468e-03 9.998999190531724368e-01 7.472691140498569085e-02
9.980941140041977855e-01 -5.924349616561141313e-02 1.727274593834876582e-02 5.302095238401857813e+01 5.935782922183265725e-02 9.982176205857534734e-01 -6.183046351802360882e-03 2.600946221204126108e+00 -1.687565406872593848e-02 7.196534873949674005e-03 9.998316969298186585e-01 6.582707100126468369e-02
9.979386203970274094e-01 -6.006360728864036658e-02 2.260249985186807073e-02 5.398638994823372883e+01 6.027700398948122873e-02 9.981421805700464445e-01 -8.880887169920517396e-03 2.652043398552896392e+00 -2.202709036912891757e-02 1.022499126399544107e-02 9.997050849343127599e-01 7.056678712176825408e-02
9.978279867883902421e-01 -6.080506264355794999e-02 2.533876750635329078e-02 5.493889678318399206e+01 6.103137927234253413e-02 9.981017078736095227e-01 -8.255391202069535528e-03 2.708171853441622812e+00 -2.478869754431462652e-02 9.783920313285589948e-03 9.996448346174553468e-01 5.548020166425159105e-02
9.978092719749416251e-01 -6.207072080421174171e-02 2.288847700661797435e-02 5.588320938171250418e+01 6.229901459273672754e-02 9.980132712246120308e-01 -9.399108485538829397e-03 2.780803877778882160e+00 -2.225959437210974640e-02 1.080444715820980638e-02 9.996938403231233616e-01 5.052546865873618065e-02
9.978482242598382124e-01 -6.362230662724796537e-02 1.584687479965721929e-02 5.680871257847650213e+01 6.375862268831361535e-02 9.979312458121867291e-01 -8.250252397720777772e-03 2.845914892143914798e+00 -1.528919142325169643e-02 9.242874615901440841e-03 9.998403922099056151e-01 4.488211112765525673e-02
9.978718825843349016e-01 -6.433932415662373117e-02 1.059043505548021465e-02 5.772554449607709159e+01 6.439787165183021023e-02 9.979103182828278351e-01 -5.283066475046509398e-03 2.907596600130376796e+00 -1.022839549048886777e-02 5.953824966712703733e-03 9.999299634944219806e-01 4.916313777917434569e-02
9.978089828777815251e-01 -6.540571418591917263e-02 9.966255075850661074e-03 5.863865759709157288e+01 6.540074756927760635e-02 9.978587392960397429e-01 8.237887459724462435e-04 2.982618540616026603e+00 -9.998795216759748597e-03 -1.701832782981890389e-04 9.999499963157483240e-01 3.873594160425153365e-02
9.977308218788382144e-01 -6.627932530209300344e-02 1.184306170199860529e-02 5.954844780646300251e+01 6.623095401119517833e-02 9.977944797820302858e-01 4.431348245672290555e-03 3.051084495776748007e+00 -1.211064836187395778e-02 -3.636915452249145798e-03 9.999200493250688382e-01 3.979264490765627160e-02
9.976283769454290518e-01 -6.751123335327589847e-02 1.341099863352740625e-02 6.043219832274189685e+01 6.744327614539084859e-02 9.977081865157608753e-01 5.457019535268164447e-03 3.115882811510078731e+00 -1.374867324528084890e-02 -4.539595857702630709e-03 9.998951775328468461e-01 4.490477993495835263e-02
9.975570433093967626e-01 -6.856633372227206868e-02 1.336425170746089255e-02 6.130122655776687424e+01 6.850128301590373281e-02 9.976371275031715724e-01 5.266502862029147011e-03 3.183525972923501701e+00 -1.369377847744783147e-02 -4.338168635117718719e-03 9.998968250394156820e-01 4.393963434349459907e-02
9.974433249407551605e-01 -7.010826447860388222e-02 1.384358273457781362e-02 6.215372789481475024e+01 7.002288105050183398e-02 9.975238181483415678e-01 6.559600303491992454e-03 3.250053809358612433e+00 -1.426918569919966885e-02 -5.573461989861316218e-03 9.998826565457215043e-01 4.261904528773367146e-02
9.973398818694514389e-01 -7.145386745895793146e-02 1.440502890612484904e-02 6.300395130598325721e+01 7.135794821676313959e-02 9.974257377022818227e-01 7.066894321600876785e-03 3.315907812636323282e+00 -1.487290351351640283e-02 -6.020182241145081992e-03 9.998712687875680460e-01 4.304484431263368854e-02
9.972248756027323191e-01 -7.296897854517314652e-02 1.476738464282439586e-02 6.382695157711824407e+01 7.287102825119179395e-02 9.973163385116918800e-01 7.066412049006287957e-03 3.378050140096462872e+00 -1.524338285057070738e-02 -5.970687373024471251e-03 9.998659861059203680e-01 4.209893000648269601e-02
9.971205261226596672e-01 -7.417809348915709033e-02 1.575648536902449562e-02 6.464453841989968907e+01 7.406533935774241295e-02 9.972242495937014839e-01 7.623747641514503140e-03 3.443508184283370355e+00 -1.627826436364959370e-02 -6.434785823391223417e-03 9.998467940843308588e-01 4.319029174111799207e-02
9.969757685382236723e-01 -7.559197299533743086e-02 1.803248641453821313e-02 6.544318497965092263e+01 7.540643311037026342e-02 9.970948552942474619e-01 1.075729479539152753e-02 3.511564309494508151e+00 -1.879326456977558138e-02 -9.364996765396167017e-03 9.997795307178450885e-01 4.084997958498202270e-02
9.968195274353499613e-01 -7.671626792362204461e-02 2.157415025989638246e-02 6.623610162181019234e+01 7.645361327597341439e-02 9.969916439287568322e-01 1.274782151125184240e-02 3.574843146100295854e+00 -2.248721282447981723e-02 -1.105785567394839200e-02 9.996859752378647324e-01 3.019512825990202862e-02
9.966351253838405810e-01 -7.844241252193402680e-02 2.377424591601230014e-02 6.701885387637904046e+01 7.815303062477542417e-02 9.968583296389625925e-01 1.286757294831274850e-02 3.646944707902175953e+00 -2.470891853762957613e-02 -1.096624580957234266e-02 9.996345386177614145e-01 2.429513675543028273e-02
9.965881073567719461e-01 -7.982513392899319438e-02 2.097837620659978586e-02 6.777436283423827490e+01 7.954417503408732493e-02 9.967343741709521199e-01 1.390365290802747684e-02 3.717805371589034458e+00 -2.201972963489355617e-02 -1.218750750804787307e-02 9.996832479178329178e-01 3.399981643481297944e-02
9.966179496785513292e-01 -8.097110892321239539e-02 1.401220533199304223e-02 6.850094606726604241e+01 8.078427878985557087e-02 9.966412238982366167e-01 1.342278387771447118e-02 3.780198579677526372e+00 -1.505199916700610159e-02 -1.224542144518568285e-02 9.998117257637590960e-01 2.611668495961081207e-02
9.965791200944164041e-01 -8.224012900391394765e-02 8.162020170176633935e-03 6.921531583885855810e+01 8.212534763209930477e-02 9.965302651632117481e-01 1.352249570330574767e-02 3.850785205506898734e+00 -9.245791915548339998e-03 -1.280592812562500633e-02 9.998752539875640499e-01 2.981295983316478368e-02
9.965549433270137758e-01 -8.269723978677233356e-02 6.277854899677895797e-03 6.990112340688484949e+01 8.258006828509485697e-02 9.964383351538643740e-01 1.706389632598988987e-02 3.912393143378571914e+00 -7.666632410739582584e-03 -1.648668454978557268e-02 9.998346923267038555e-01 2.522163789934850006e-02
9.964821381630872832e-01 -8.335605117731595404e-02 8.667009521541840789e-03 7.058672303662474690e+01 8.317058139222383017e-02 9.963361993684209938e-01 1.992064805596151233e-02 3.978519673718041272e+00 -1.029576188542094192e-02 -1.912972974756030342e-02 9.997639975149055225e-01 2.357299458554194815e-02
9.963489446973343711e-01 -8.462740780272000329e-02 1.126864007324150999e-02 7.123965700738401097e+01 8.441165354898923223e-02 9.962607978197823844e-01 1.841454513736961660e-02 4.042991084733631446e+00 -1.278487957055332927e-02 -1.739610807286893004e-02 9.997669339792567555e-01 2.830523363503539142e-02
9.962951332147651495e-01 -8.551089796153474309e-02 9.159359278101294327e-03 7.187934847359701962e+01 8.535815211841693562e-02 9.962228236922232583e-01 1.593961798860652271e-02 4.094133136395010197e+00 -1.048777381061120895e-02 -1.509873784478379943e-02 9.998310030780162005e-01 3.684902194767970818e-02
9.963386619479175366e-01 -8.534720915489435455e-02 5.012444244476517603e-03 7.249500262230179715e+01 8.530247775942628730e-02 9.963184404072646938e-01 8.547080936691677649e-03 4.135814081366418371e+00 -5.723460136652849285e-03 -8.088213270339116023e-03 9.999509102001746808e-01 4.532832205674008907e-02
9.964444297393862948e-01 -8.424915733429216846e-02 7.602169498736677591e-04 7.310120629074576470e+01 8.424438564978647959e-02 9.964327681628977196e-01 4.962057810515997820e-03 4.186486857696141151e+00 -1.175554268946989341e-03 -4.880370855430819256e-03 9.999873999468563701e-01 5.629447575769632589e-02
9.966829932414408288e-01 -8.138158575212162127e-02 -2.201902630154218784e-04 7.367951432694691505e+01 8.138105529330311172e-02 9.966569931002151606e-01 7.208463344294926793e-03 4.235965465063039836e+00 -3.671820123478670007e-04 -7.202472138632579936e-03 9.999739944480866560e-01 6.394794944291820604e-02
9.969877457408616861e-01 -7.753758683596310985e-02 1.832340091361388517e-03 7.425264149691584237e+01 7.750981746156622443e-02 9.969176392005733023e-01 1.214285171738195904e-02 4.290475331498879719e+00 -2.768219577565285677e-03 -1.196425001456925818e-02 9.999245939979470865e-01 5.752389973229111303e-02
9.973316221066449438e-01 -7.284812738146664857e-02 4.773456100360726380e-03 7.481175310741328133e+01 7.279025531238456082e-02 9.972827389646775620e-01 1.134536445728740253e-02 4.332267835164146597e+00 -5.586973929269030935e-03 -1.096762964930980341e-02 9.999242455417256537e-01 5.862323549060730749e-02
9.976823173558958535e-01 -6.739234537437964467e-02 9.394967818450908337e-03 7.535654044177070432e+01 6.731719021817726689e-02 9.976987541819075656e-01 8.098876773930917261e-03 4.366935512181282064e+00 -9.919149988740879470e-03 -7.447663312066925452e-03 9.999230684281120718e-01 6.380086708740123624e-02
9.981400650004812469e-01 -5.947560212924661582e-02 1.338145702823887589e-02 7.588362484440500566e+01 5.943343698938133302e-02 9.982260389828849778e-01 3.527274325747366095e-03 4.384209942406625871e+00 -1.356750560951743706e-02 -2.725407841662056026e-03 9.999042428871038890e-01 7.324030481184061470e-02
9.986986621654616592e-01 -4.906783431066681633e-02 1.390430958293211415e-02 7.639726901020621597e+01 4.898862914128983281e-02 9.987814278004175650e-01 5.981111587022348158e-03 4.411690392119600013e+00 -1.418084637016558784e-02 -5.292175074597617671e-03 9.998854416777981369e-01 8.613722018021988114e-02
9.993023705253182287e-01 -3.470430555116808813e-02 1.379795052501195385e-02 7.689723780211038218e+01 3.455764295238082651e-02 9.993451103534300994e-01 1.072938610854967494e-02 4.432565251701995557e+00 -1.416127028395680609e-02 -1.024507632483712995e-02 9.998472367492160506e-01 9.128554393967795721e-02
9.997563566782992073e-01 -1.683381229531278819e-02 1.427760641492488436e-02 7.737780150788483979e+01 1.660772164019310923e-02 9.997370986417769556e-01 1.580876912488086983e-02 4.441712961398685877e+00 -1.453997466487440618e-02 -1.556779891083197483e-02 9.997730906429801445e-01 8.411692769381964863e-02
9.998732893295829705e-01 4.767123730728906918e-03 1.518814723973544063e-02 7.785118799859891681e+01 -4.996355779511621985e-03 9.998736440902740163e-01 1.509080125641551473e-02 4.425903306969617645e+00 -1.511428841078873812e-02 -1.516477447811251031e-02 9.997707676767026985e-01 7.690380104953917217e-02
9.993934969851369088e-01 3.061010036355778924e-02 1.660300995458829226e-02 7.830040599334861895e+01 -3.080806026417306359e-02 9.994556480070306836e-01 1.180131728263599314e-02 4.396721327542181257e+00 -1.623273256658654823e-02 -1.230566627937233759e-02 9.997925129599852800e-01 8.099618154184815011e-02
9.980496646036273178e-01 5.963241796439419651e-02 1.846189893556106701e-02 7.874730679958804558e+01 -5.983284637154506758e-02 9.981531763899560428e-01 1.050080747944861712e-02 4.354651669232551647e+00 -1.780161452414251097e-02 -1.158495534566936908e-02 9.997744202218682430e-01 8.325793480249492340e-02
9.955255274933771936e-01 9.216178836853952672e-02 2.085974289739480139e-02 7.918860988297360848e+01 -9.239498115497346564e-02 9.956670306962205341e-01 1.050387747184314616e-02 4.297764005930195808e+00 -1.980130213912658158e-02 -1.238421371278483618e-02 9.997272326411394960e-01 8.818271617096724857e-02
9.913731891701922372e-01 1.292527731467648933e-01 2.174673374080104971e-02 7.960650181710694540e+01 -1.294925860339362356e-01 9.915299578633949285e-01 1.000064106234481269e-02 4.236329492603421620e+00 -2.026992739912945873e-02 -1.273040821361093831e-02 9.997134923316524091e-01 8.286949244509586587e-02
9.851173979116057966e-01 1.703471921148638490e-01 2.292480033606923359e-02 8.001419074569193413e+01 -1.706136493861992454e-01 9.852851732483649538e-01 1.020343177870366297e-02 4.155894976219800085e+00 -2.084933991737040679e-02 -1.396286201039187783e-02 9.996851221807238064e-01 8.160244422083363924e-02
9.763278315662827778e-01 2.150324784358662866e-01 2.334520350754799509e-02 8.041912301432533638e+01 -2.153146560998461523e-01 9.764903618411213682e-01 1.030398466617327147e-02 4.062650002070242294e+00 -2.058067485980775643e-02 -1.508663147042579519e-02 9.996743616664330867e-01 7.882797010124645287e-02
9.643629001224106601e-01 2.635774310099436302e-01 2.304636044350141452e-02 8.080500794057974190e+01 -2.638925411981142832e-01 9.644792278378504502e-01 1.185520009553512125e-02 3.952357252680845257e+00 -1.910297273973103963e-02 -1.751447776846501783e-02 9.996641033372174467e-01 7.764183194821966394e-02
9.486459004931585559e-01 3.155878083044271754e-01 2.180116343529726192e-02 8.117577723919799837e+01 -3.158978010942823933e-01 9.487100889942446935e-01 1.255970956390094206e-02 3.816281060804112890e+00 -1.671929248866729084e-02 -1.880165657968681930e-02 9.996834313764222379e-01 7.619976524860327949e-02
9.287084976710980877e-01 3.702278820846309770e-01 2.078080076947514884e-02 8.153291570400064359e+01 -3.705252311549740440e-01 9.287336348057630975e-01 1.284089786691398200e-02 3.657017308894528362e+00 -1.454577021147643659e-02 -1.962526197542493328e-02 9.997015903065028519e-01 7.441167780428842304e-02
9.042811649993147682e-01 4.264576989006013119e-01 2.023377562113102060e-02 8.187368697389284478e+01 -4.267470817401819994e-01 9.042773926208691471e-01 1.301251017447957806e-02 3.480484441503879367e+00 -1.274766071562284490e-02 -2.040167255904712720e-02 9.997105925732070464e-01 7.344469581402862657e-02
8.754083797412974821e-01 4.830046201626554403e-01 1.914955822585163309e-02 8.219888030044096183e+01 -4.832756996274455430e-01 8.753639090469146344e-01 1.351387759705161354e-02 3.276620028324387146e+00 -1.023556682941445181e-02 -2.108467784041212142e-02 9.997252970351638846e-01 6.166006576651901494e-02
8.421904045506085623e-01 5.388901469653225584e-01 1.768422988358213724e-02 8.250864953688098069e+01 -5.391130523438273370e-01 8.421501522016507923e-01 1.184221006645774787e-02 3.038574201267561836e+00 -8.511126564920042104e-03 -1.950719483753123040e-02 9.997734893835535930e-01 6.556262742454579961e-02
8.055614469410108391e-01 5.922592326526322504e-01 1.731347856498155133e-02 8.280059486289478343e+01 -5.924695912597347514e-01 8.055100968072557155e-01 1.154414891139446050e-02 2.789310474734090217e+00 -7.109053019058432510e-03 -1.955723086944421291e-02 9.997834645991557911e-01 7.073016859633986242e-02
7.658342428625383169e-01 6.427663195590811451e-01 1.869146595738319788e-02 8.307990867775622235e+01 -6.429913270684697313e-01 7.658053747849868920e-01 1.021181987473846441e-02 2.528746608027635734e+00 -7.750211215888747757e-03 -1.983901184281190028e-02 9.997731481867323522e-01 8.403908112330185642e-02
7.233168092769093338e-01 6.901902118563911781e-01 2.121944568317222016e-02 8.333967982232024951e+01 -6.904584892804734864e-01 7.233123689754422658e-01 9.289320085997594678e-03 2.249492236605980189e+00 -8.936889727284513807e-03 -2.137026777472783926e-02 9.997316858323731514e-01 8.498678292549328994e-02
6.784668279898604659e-01 7.343188094829299351e-01 2.141610041416013022e-02 8.358745516283487120e+01 -7.345822585824640649e-01 6.784693811825724952e-01 8.258581816700881484e-03 1.953746509830873723e+00 -8.465736427681894855e-03 -2.133506122113437709e-02 9.997365385287403372e-01 7.595607125121367487e-02
6.321740219889153689e-01 7.745985851224453933e-01 1.878930144161506527e-02 8.380692477445522570e+01 -7.747978837132217800e-01 6.321730100562275023e-01 6.747203121416189830e-03 1.638453302475298079e+00 -6.651715257816879709e-03 -1.882331752785497761e-02 9.998006988402110551e-01 6.912340285172138832e-02
5.854345805082605825e-01 8.105758287523653349e-01 1.527016003626689711e-02 8.400546260219211092e+01 -8.106973094819885928e-01 5.854544248462356659e-01 3.604001474501941985e-03 1.307671946430499998e+00 -6.018666279323451294e-03 -1.448938474813715564e-02 9.998769091172365897e-01 8.108830471137473683e-02
5.388261159766841724e-01 8.422579619150402097e-01 1.636894413832444897e-02 8.419371295681321499e+01 -8.424017607306809596e-01 5.388315451242572385e-01 4.454155010109789314e-03 9.817785974306989516e-01 -5.068555941237281454e-03 -1.618924240748222110e-02 9.998560987316835735e-01 1.006666215218223470e-01
4.917491197363705879e-01 8.705279186969731020e-01 1.907736899105143963e-02 8.438017087639187253e+01 -8.707288158056422089e-01 4.917210899594948170e-01 6.457477429335548545e-03 6.422172075724119633e-01 -3.759330287247123620e-03 -1.978667375185873614e-02 9.997971569161561156e-01 1.026670232529258708e-01
4.460605127898089606e-01 8.947869836385103914e-01 1.965382509307160575e-02 8.454873680843526529e+01 -8.950019051441472362e-01 4.459836222287731911e-01 8.378454036993256138e-03 2.918303434197827562e-01 -1.268352490343739938e-03 -2.132750840579598905e-02 9.997717382818744891e-01 1.002313281699543368e-01
4.032028030992118595e-01 9.150034345371877986e-01 1.400765355399466797e-02 8.469713944778473547e+01 -9.151103476038930928e-01 4.031430116787791951e-01 6.983111258298250155e-03 -6.365470138997694760e-02 7.424831447878322763e-04 -1.563415874661048741e-02 9.998775033968237969e-01 6.680374314807713265e-02
3.628214579026093345e-01 9.318544167157853941e-01 2.817043256426645086e-03 8.480045928410231681e+01 -9.318581647864996320e-01 3.628227641082920618e-01 5.065131532374744609e-05 -4.289473441418171773e-01 -9.748877690124416358e-04 -2.643462143128365131e-03 9.999960308429907130e-01 7.429418195402520686e-02
3.264855695633928079e-01 9.452015977350002318e-01 -1.054754032953795486e-03 8.491218720384145513e+01 -9.451919115404100458e-01 3.264766141674316779e-01 -5.027003118732086169e-03 -7.983146663033658941e-01 -4.407178854186196912e-03 2.638188957028751898e-03 9.999868082797763735e-01 1.027753968127084194e-01
2.927658171331987136e-01 9.561838686142127841e-01 7.653236494275816350e-04 8.502339286206220947e+01 -9.561789964584890278e-01 2.927667720021319697e-01 -3.056786398896626372e-03 -1.163902332453800481e+00 -3.146911178804088789e-03 1.631361687990055126e-04 9.999950351559867556e-01 1.389754575952513171e-01
2.612061547279624918e-01 9.652393735190019086e-01 9.181314768405522686e-03 8.514522344925553909e+01 -9.652824696900628165e-01 2.611838577241245574e-01 3.570178342542106899e-03 -1.531877766151649167e+00 1.048065496514820512e-03 -9.795114751196803277e-03 9.999514774656448335e-01 1.516446993430644596e-01
2.323918265038741326e-01 9.725207643582219896e-01 1.404997744812229964e-02 8.524845482260066376e+01 -9.726078496314664035e-01 2.322855348075621995e-01 8.797792587883157545e-03 -1.910902437683450250e+00 5.292429446661956957e-03 -1.570965344188924098e-02 9.998625890487591317e-01 1.411818398655425022e-01
2.064001742879424395e-01 9.783820817763565492e-01 1.294102441345214294e-02 8.532855439867961422e+01 -9.784379066240206368e-01 2.062726991063946747e-01 1.052789079382180672e-02 -2.302917213476925795e+00 7.630919676609002229e-03 -1.483494733139770379e-02 9.998608370181142346e-01 1.354152092744255187e-01
1.821959007589345481e-01 9.832427183935548154e-01 6.197618308092347865e-03 8.539400473540864311e+01 -9.832088227259472291e-01 1.821166741687921808e-01 1.157272239166835109e-02 -2.707258767553304413e+00 1.025010538956055636e-02 -8.202055580787362410e-03 9.999138270989917920e-01 1.286161008765401015e-01
1.611995008005500107e-01 9.869189881364944794e-01 -2.373140807391337093e-03 8.545306126531713176e+01 -9.867829431679665531e-01 1.612166888773596263e-01 1.638909088957603288e-02 -3.122613824462242338e+00 1.655729490042479393e-02 -3.001383995048737680e-04 9.998628735494290432e-01 1.377520509835260532e-01
1.413934112217127836e-01 9.899432901749990465e-01 -4.492827682595942895e-03 8.550444631934405493e+01 -9.896729667035862876e-01 1.414599240093512567e-01 2.316266123291645454e-02 -3.541859967077725546e+00 2.356527613268934521e-02 1.171382416827744521e-03 9.997216140626468128e-01 1.418487327190967595e-01
1.234574778919894644e-01 9.923498542074060680e-01 -1.341904923575359954e-04 8.556921688374904988e+01 -9.920462366410411903e-01 1.234230476553874745e-01 2.471873123367521879e-02 -3.992072389190382875e+00 2.454619153546281143e-02 -2.918589041863178801e-03 9.996944364750206535e-01 1.515876226121146975e-01
1.079710115297038975e-01 9.941490461539214119e-01 3.151935992486060156e-03 8.561717541539391618e+01 -9.939461131794781190e-01 1.078830459720812041e-01 2.079356840934129189e-02 -4.445368693076893862e+00 2.033186574470452826e-02 -5.377957143190693727e-03 9.997788219462868664e-01 1.588709791971284480e-01
9.355402106518284633e-02 9.956101033383660814e-01 2.857844135626484879e-03 8.566360609751085065e+01 -9.954647997352100708e-01 9.348987067511460580e-02 1.759194614841663729e-02 -4.917899749986494484e+00 1.724753984409870336e-02 -4.490680540692396604e-03 9.998411654645991131e-01 1.735363213112022795e-01
8.036791766925976965e-02 9.967647623521054268e-01 1.003166316252867424e-03 8.569193109231160577e+01 -9.966523455617604110e-01 8.034362356722413168e-02 1.513288598812503535e-02 -5.405098528944744629e+00 1.500332948876661673e-02 -2.216006597273899141e-03 9.998849880956370839e-01 1.806735790222979976e-01
6.886152258575606311e-02 9.976216052002618850e-01 -3.037028946854683845e-03 8.571689049599547161e+01 -9.975212961557627933e-01 6.889811297198533691e-02 1.429383589616293852e-02 -5.906137870705690851e+00 1.446908507467877837e-02 2.045205748128343590e-03 9.998932256548943576e-01 1.901484358877509884e-01
5.879381758046653417e-02 9.982513569428359546e-01 -6.124979681746226326e-03 8.574159076108099953e+01 -9.981595450154439053e-01 5.887752789583156066e-02 1.452444158781578121e-02 -6.423451105544564221e+00 1.485966718594747792e-02 5.259759563188466484e-03 9.998757548918066895e-01 2.034719146479447294e-01
5.079197683192770985e-02 9.986764457687947738e-01 -8.095168689550525862e-03 8.576118374637758279e+01 -9.985912861209572666e-01 5.090889000918674689e-02 1.495754663455190793e-02 -6.956580628708340264e+00 1.534986556283743885e-02 7.324041550939726017e-03 9.998553595608531408e-01 2.125927379559781893e-01
4.538589931673564504e-02 9.989244474837393195e-01 -9.490435317595854320e-03 8.578562151433915517e+01 -9.988462517074319091e-01 4.552749602792849348e-02 1.527784524862590282e-02 -7.500620288300421379e+00 1.569348887995085720e-02 8.786086997821643263e-03 9.998382464589168350e-01 2.192533283173664915e-01
3.995827338159307907e-02 9.991451353908645805e-01 -1.059881187364118856e-02 8.580391319576615672e+01 -9.990631471588379275e-01 4.012691374446741843e-02 1.620675113717015559e-02 -8.064026220181691684e+00 1.661819416904136010e-02 9.941288554057936197e-03 9.998124856214013478e-01 2.318497043223420317e-01
